#the number of patterns to be recognized
5

#marker 1
data/patt.swisscheese
50.0
0.0 0.0
1.0000 0.0000 0.0000 0.0000
0.0000 1.0000 0.0000 0.0000
0.0000 0.0000 1.0000 0.0000

#marker 2
data/patt.flagdot
50.0
0.0 0.0
1.0000 0.0000 0.0000  110.0000
0.0000 1.0000 0.0000    0.0000
0.0000 0.0000 1.0000    0.0000

#marker 3
data/patt.idot
50.0
0.0 0.0
1.0000 0.0000 0.0000    0.0000
0.0000 1.0000 0.0000 -110.0000
0.0000 0.0000 1.0000    0.0000

#marker 4
data/patt.kolping
50.0
0.0 0.0
1.0000 0.0000 0.0000  110.0000
0.0000 1.0000 0.0000 -110.0000
0.0000 0.0000 1.0000    0.0000

#marker 5
data/patt.books
50.0
0.0 0.0
1.0000 0.0000 0.0000   55.0000
0.0000 1.0000 0.0000  -55.0000
0.0000 0.0000 1.0000    0.0000

